831840826019
546098535084
358252857214
877815565772
053904065926
523532838928
689995417971
349065388275
169777674725
130861008558
609827717672
808161447283
727163256325
546856994841
290473323785
460462482379
898783525438
114333669692
894767215059
883693417177
040443455884
376470165619
342590238067
179730087721
271154676269
884224146426
231059148995
909385375729
831103493708
589916351153
257523260067
811797008598
058290216729
769881816295
053551932894
412178066228
244998048076
760246263423
999326334859
556517295172
735086137511
416201379986
707368037012
290390175119
854761095054
469694691120
499257310109
333084809251
799014642716
744050558611
362459447076
352111837384
159102897692
183939961397
